[gd_scene format=3 uid="uid://dn6mypxe04xp5"]

[ext_resource type="Script" uid="uid://c7u3073ytv3pk" path="res://main.gd" id="1_0xm2m"]
[ext_resource type="PackedScene" uid="uid://bamcgkyaw4co6" path="res://player.tscn" id="1_ig7tw"]
[ext_resource type="PackedScene" uid="uid://daxk0bedguv08" path="res://Assets/Enemies/enemy.tscn" id="3_h2yge"]
[ext_resource type="PackedScene" uid="uid://xncvm6v6lrlk" path="res://Assets/Building/wall.tscn" id="4_1bvp3"]
[ext_resource type="PackedScene" uid="uid://dxukkvhik86r5" path="res://Assets/Resources/life_form.tscn" id="5_lquwl"]

[sub_resource type="NavigationMesh" id="NavigationMesh_3e2ki"]
vertices = PackedVector3Array(-18.500555, -0.5, 2.9999924, -15.000555, -0.5, 2.9999924, -14.750555, -0.5, 2.4999924, -18.750555, -0.5, 1.7499924, -13.500555, -0.5, 2.2499924, -11.750555, -0.5, -1.0000076, -11.750555, -0.5, -2.5000076, -20.250555, -0.5, 1.7499924, -29.500555, -0.5, 2.9999924, -10.250555, -0.5, -29.500008, -29.500555, -0.5, -29.500008, -10.000555, -0.5, -2.7500076, -21.000555, -0.5, 2.9999924, -21.000555, -0.5, 2.2499924, -1.000555, -0.5, -3.0000076, -1.000555, -0.5, -29.500008, -0.50055504, -0.5, -2.7500076, 29.499445, -0.5, -2.0000076, 29.499445, -0.5, -29.500008, -0.50055504, -0.5, -2.0000076, -4.750555, 4, -1.7500076, -1.500555, 4, -1.7500076, -10.750555, 4, -1.7500076, -5.500555, 4, -1.5000076, -5.250555, 4, -7.6293945e-06, -4.000555, -0.5, -0.7500076, -3.750555, -0.5, 5.2499924, -3.250555, -0.5, 5.4999924, -0.75055504, -0.5, -0.7500076, -3.250555, -0.5, 6.2499924, 29.499445, -0.5, 6.4999924, -11.500555, -0.5, -0.5000076, -13.000555, -0.5, 2.4999924, -13.250555, -0.5, 4.9999924, -11.750555, -0.5, 11.499992, -11.000555, -0.5, 11.249992, -12.750555, -0.5, 4.7499924, -12.750555, -0.5, 3.7499924, -6.000555, -0.5, 0.49999237, -6.250555, -0.5, -0.5000076, -6.000555, -0.5, 5.9999924, -4.500555, 4, 7.7499924, -5.000555, 4, 0.24999237, -5.000555, 4, 6.4999924, -5.750555, 4, 7.4999924, -7.500555, 4, 8.749992, -7.250555, 4, 9.249992, -21.000555, -0.5, 3.4999924, -29.500555, -0.5, 11.749992, -22.500555, -0.5, 13.249992, -15.000555, -0.5, 4.4999924, -18.750555, -0.5, 3.7499924, -14.500555, -0.5, 4.9999924, -19.500555, -0.5, 3.9999924, -20.750555, -0.5, 3.9999924, -19.500555, -0.5, 13.999992, -3.500555, -0.5, 8.499992, -5.500555, -0.5, 8.749992, -10.500555, -0.5, 13.999992, -10.500555, -0.5, 29.499992, 29.499445, -0.5, 29.499992, -10.500555, 4, 12.249992, -11.750555, 4, 12.499992, -10.500555, 4, 12.749992, -8.500555, 4, 10.749992, -8.750555, 4, 10.249992, -11.500555, -0.5, 13.749992, -18.000555, -0.5, 15.999992, -18.000555, -0.5, 29.499992, -21.000555, -0.5, 16.249992, -29.500555, -0.5, 14.249992, -29.500555, -0.5, 29.499992)
polygons = [PackedInt32Array(2, 1, 0), PackedInt32Array(0, 3, 2), PackedInt32Array(2, 3, 4), PackedInt32Array(4, 3, 5), PackedInt32Array(5, 3, 6), PackedInt32Array(6, 3, 7), PackedInt32Array(7, 8, 6), PackedInt32Array(6, 8, 10), PackedInt32Array(6, 10, 9), PackedInt32Array(9, 11, 6), PackedInt32Array(13, 12, 8), PackedInt32Array(8, 7, 13), PackedInt32Array(14, 11, 15), PackedInt32Array(15, 11, 9), PackedInt32Array(14, 15, 16), PackedInt32Array(16, 15, 18), PackedInt32Array(16, 18, 17), PackedInt32Array(17, 19, 16), PackedInt32Array(22, 21, 20), PackedInt32Array(23, 22, 20), PackedInt32Array(20, 24, 23), PackedInt32Array(26, 25, 27), PackedInt32Array(27, 25, 28), PackedInt32Array(28, 19, 17), PackedInt32Array(27, 28, 29), PackedInt32Array(29, 28, 30), PackedInt32Array(30, 28, 17), PackedInt32Array(32, 4, 31), PackedInt32Array(31, 4, 5), PackedInt32Array(36, 35, 33), PackedInt32Array(33, 35, 34), PackedInt32Array(31, 37, 32), PackedInt32Array(36, 37, 31), PackedInt32Array(39, 38, 31), PackedInt32Array(31, 38, 36), PackedInt32Array(36, 38, 40), PackedInt32Array(36, 40, 35), PackedInt32Array(43, 42, 41), PackedInt32Array(43, 41, 44), PackedInt32Array(46, 45, 44), PackedInt32Array(44, 45, 43), PackedInt32Array(12, 47, 8), PackedInt32Array(8, 47, 48), PackedInt32Array(48, 47, 49), PackedInt32Array(0, 1, 51), PackedInt32Array(51, 1, 50), PackedInt32Array(52, 33, 34), PackedInt32Array(50, 52, 51), PackedInt32Array(51, 52, 53), PackedInt32Array(49, 47, 54), PackedInt32Array(53, 52, 54), PackedInt32Array(54, 52, 34), PackedInt32Array(54, 34, 55), PackedInt32Array(54, 55, 49), PackedInt32Array(57, 56, 58), PackedInt32Array(58, 56, 59), PackedInt32Array(59, 56, 60), PackedInt32Array(60, 56, 30), PackedInt32Array(56, 29, 30), PackedInt32Array(63, 62, 61), PackedInt32Array(65, 64, 61), PackedInt32Array(61, 64, 63), PackedInt32Array(66, 58, 67), PackedInt32Array(67, 58, 68), PackedInt32Array(68, 58, 59), PackedInt32Array(69, 67, 68), PackedInt32Array(70, 69, 71), PackedInt32Array(71, 69, 68)]

[sub_resource type="BoxShape3D" id="BoxShape3D_3e2ki"]
size = Vector3(60, 2, 60)

[sub_resource type="BoxMesh" id="BoxMesh_3e2ki"]
size = Vector3(60, 2, 59)

[node name="World" type="Node3D" unique_id=42028458]
script = ExtResource("1_0xm2m")

[node name="DirectionalLight3D" type="DirectionalLight3D" parent="." unique_id=1395127231]
transform = Transform3D(1, 0, 0, 0, -4.371139e-08, 1, 0, -1, -4.371139e-08, 0, 12, 0)
shadow_enabled = true

[node name="player" parent="." unique_id=415036748 instance=ExtResource("1_ig7tw")]
transform = Transform3D(1, 0, 0, 0, 1, 0, 0, 0, 1, 0, 0, -2)

[node name="NavigationRegion3D" type="NavigationRegion3D" parent="." unique_id=2062680291]
transform = Transform3D(-0.9991228, 0, 0.041875646, 0, 1, 0, -0.041875646, 0, -0.9991228, 0, 1, 0)
navigation_mesh = SubResource("NavigationMesh_3e2ki")

[node name="Ground" type="StaticBody3D" parent="NavigationRegion3D" unique_id=1779437131]
transform = Transform3D(1.0000001, 0, -3.7252903e-09, 0, 1, 0, 3.7252903e-09, 0, 1.0000001, 0, -2, 0)
collision_mask = 14

[node name="CollisionShape3D" type="CollisionShape3D" parent="NavigationRegion3D/Ground" unique_id=894237149]
shape = SubResource("BoxShape3D_3e2ki")

[node name="MeshInstance3D" type="MeshInstance3D" parent="NavigationRegion3D/Ground" unique_id=1653566102]
transform = Transform3D(1.0000179, 0, -3.1292439e-07, 0, 1, 0, 3.1292439e-07, 0, 1.0000179, -1.467735e-06, 0, 8.5967586e-05)
mesh = SubResource("BoxMesh_3e2ki")

[node name="enemy" parent="NavigationRegion3D" unique_id=269867450 instance=ExtResource("3_h2yge")]
transform = Transform3D(-0.9991229, 0, -0.04187565, 0, 1, 0, 0.04187565, 0, -0.9991229, -19.898706, 0, 2.8357587)
player_path = NodePath("../../player")

[node name="enemy2" parent="NavigationRegion3D" unique_id=1793737521 instance=ExtResource("3_h2yge")]
transform = Transform3D(-0.041875605, 0, 0.99912316, 0, 1, 0, -0.99912316, 0, -0.041875605, -13.862092, 0, 3.5836282)
player_path = NodePath("../../player")

[node name="Wall" parent="NavigationRegion3D" unique_id=620422938 instance=ExtResource("4_1bvp3")]
transform = Transform3D(-0.9991229, 0, -0.04187565, 0, 1, 0, 0.04187565, 0, -0.9991229, -6.078489, 1, -1.7469919)

[node name="Wall2" parent="NavigationRegion3D" unique_id=129069502 instance=ExtResource("4_1bvp3")]
transform = Transform3D(0.041875694, 0, -0.9991229, 0, 1, 0, 0.9991229, 0, 0.041875694, -4.8699875, 1, 3.206747)

[node name="Wall4" parent="NavigationRegion3D" unique_id=1931791918 instance=ExtResource("4_1bvp3")]
transform = Transform3D(-0.95424026, 0, -0.29904076, 0, 1, 0, 0.29904076, 0, -0.95424026, -14.734224, 1, 13.649795)

[node name="Wall5" parent="NavigationRegion3D" unique_id=51243541 instance=ExtResource("4_1bvp3")]
transform = Transform3D(-0.9759168, 0, 0.21814327, 0, 1, 0, -0.21814327, 0, -0.9759168, -24.725452, 1, 14.068551)

[node name="Wall3" parent="NavigationRegion3D" unique_id=1253014822 instance=ExtResource("4_1bvp3")]
transform = Transform3D(-0.676876, 0, -0.73609716, 0, 1, 0, 0.73609716, 0, -0.676876, -7.6161027, 1, 9.327111)

[node name="LifeForm" parent="NavigationRegion3D" unique_id=280681958 instance=ExtResource("5_lquwl")]
transform = Transform3D(-0.24978076, 0, -0.010468912, 0, 0.25, 0, 0.010468912, 0, -0.24978076, -15.154346, -1, -3.368357)
player_path = NodePath("../../player")
